200 1000
85 92 986
84 164 960
42 91 255
63 184 984
84 147 86
165 195 226
33 132 779
8 146 171
62 111 97
43 150 848
114 127 966
86 180 634
21 86 455
7 166 4
30 66 563
116 129 805
43 50 392
91 121 400
28 116 628
128 179 321
2 47 563
33 181 907
174 189 922
80 154 875
117 183 977
130 140 720
144 181 646
21 139 473
85 179 464
94 125 20
18 149 158
99 154 236
99 145 374
10 18 850
66 103 742
17 116 712
77 101 785
45 48 902
1 8 381
13 19 310
10 199 686
9 142 940
114 139 213
26 57 74
69 190 45
23 26 306
17 32 924
36 143 896
99 144 142
18 57 864
48 178 519
37 184 603
1 120 416
57 105 125
106 167 441
102 123 861
154 199 202
32 166 618
16 25 466
66 185 197
131 134 64
64 89 400
38 142 383
19 108 919
82 193 274
27 156 394
50 110 375
51 130 301
29 63 902
180 184 733
68 153 721
84 132 678
80 172 808
45 177 253
5 64 261
153 178 832
101 177 903
51 58 566
41 144 751
13 187 664
129 195 232
60 128 673
89 120 678
68 149 522
110 145 2
160 173 580
42 51 201
8 129 998
178 195 926
161 167 29
93 108 590
0 31 914
22 90 376
94 124 155
116 175 544
64 186 291
40 188 614
120 169 555
13 194 287
78 95 410
22 142 294
53 182 694
86 104 374
147 153 684
16 178 350
85 86 465
58 96 488
66 162 843
78 189 430
59 190 405
145 192 600
38 185 13
18 59 884
5 185 459
78 196 627
10 73 785
88 145 652
47 179 83
4 121 810
81 112 926
111 164 368
80 106 990
124 143 683
23 111 800
28 181 955
69 138 881
124 185 133
10 105 521
173 184 137
115 144 947
80 104 559
38 127 169
23 173 570
48 180 200
58 170 616
44 125 969
92 171 591
71 105 907
33 161 390
2 188 120
9 148 630
137 168 166
55 81 578
84 111 232
54 63 433
45 179 540
95 183 369
99 104 537
44 163 448
144 197 590
122 143 524
0 8 959
61 177 510
57 140 596
49 117 48
3 26 915
33 42 124
59 147 898
63 165 365
90 125 915
14 179 62
49 102 43
71 171 532
66 176 970
144 184 565
109 179 994
148 165 60
91 94 266
46 117 533
171 173 906
97 190 126
5 101 735
45 129 302
98 111 14
84 195 434
1 39 211
95 99 904
51 183 321
68 180 596
51 189 809
10 156 753
24 61 985
68 126 411
21 194 636
123 135 65
7 109 390
41 62 927
141 169 374
157 183 750
83 149 298
130 146 905
14 69 360
113 172 524
32 160 897
2 13 636
27 52 773
166 199 444
40 77 963
20 129 525
85 154 81
139 180 55
37 45 725
21 153 682
64 92 65
74 180 459
138 189 650
8 166 236
95 162 525
60 121 490
43 140 725
52 176 145
48 187 94
2 121 587
16 44 254
3 29 585
71 100 373
52 189 34
114 132 246
35 113 10
47 180 672
64 74 42
117 175 773
58 120 574
100 128 513
7 90 189
89 152 466
68 88 152
119 157 151
31 145 837
64 170 334
106 107 682
146 196 155
109 172 198
7 12 481
111 195 296
40 57 506
165 173 160
2 115 304
26 160 653
41 185 613
127 174 791
26 170 582
44 147 827
177 185 905
1 144 635
129 135 999
52 54 141
13 20 887
26 98 107
159 172 326
103 146 863
34 40 69
120 141 502
13 197 562
149 197 386
30 151 885
0 27 197
132 174 25
76 192 526
14 117 920
154 160 703
97 156 67
98 99 758
30 163 309
91 147 618
60 96 248
30 66 486
119 137 111
121 140 45
0 113 402
108 179 607
76 165 487
55 77 535
49 125 651
142 146 965
25 118 349
68 80 357
6 89 469
67 98 245
63 182 178
23 24 401
108 156 115
44 135 274
131 199 172
97 108 164
75 122 399
12 102 895
59 128 523
75 160 184
176 195 453
17 118 452
10 41 210
27 29 520
49 64 73
119 159 816
15 83 478
116 148 779
86 105 59
134 150 493
52 133 612
102 110 891
81 96 332
81 193 154
83 199 548
112 168 847
83 105 820
112 165 866
21 165 920
123 162 917
109 159 301
46 63 501
107 198 13
44 68 335
87 150 741
17 161 939
52 112 268
77 145 743
110 190 343
90 178 575
78 118 414
155 197 596
73 161 843
7 193 944
4 27 916
120 187 806
95 154 778
24 56 281
85 175 334
6 105 949
94 157 614
75 186 208
123 168 413
31 82 355
26 81 600
78 144 670
45 150 623
55 173 793
119 152 997
70 171 394
3 100 242
141 179 603
123 171 824
150 159 702
60 125 146
65 162 184
15 99 94
29 67 87
56 123 376
105 159 927
66 113 394
166 188 206
40 118 637
13 28 367
17 198 828
121 163 410
186 195 573
161 174 110
27 161 511
25 99 165
115 157 819
116 184 708
71 141 759
12 187 680
126 184 825
113 197 178
14 106 312
39 94 874
13 73 822
14 134 381
78 156 937
68 183 386
75 98 474
49 85 488
3 87 539
54 85 963
138 143 414
3 101 123
69 85 864
84 154 999
69 90 369
11 19 768
19 76 861
135 191 8
53 130 759
127 189 958
41 120 405
46 197 933
30 109 766
18 175 35
106 121 356
29 82 922
189 197 530
93 94 551
59 178 76
47 149 229
11 122 829
73 140 225
151 171 444
113 170 847
28 165 513
35 51 669
171 196 43
133 137 89
20 26 572
4 103 375
75 178 704
128 143 60
100 123 246
12 106 327
60 185 225
156 188 877
69 76 639
129 150 31
116 150 949
79 163 860
96 146 289
91 177 284
67 130 70
21 114 546
28 142 563
24 159 630
19 84 577
76 149 329
19 192 827
80 148 856
79 158 959
169 184 348
87 127 904
58 165 367
126 184 324
51 192 410
64 108 582
14 78 58
83 161 834
48 170 511
77 121 835
14 142 838
76 168 252
144 196 775
129 138 553
157 182 216
138 175 50
82 100 281
159 191 317
28 99 387
29 126 194
7 192 822
78 116 195
90 98 604
34 72 771
1 173 599
73 124 464
67 71 730
19 172 195
74 84 364
50 140 63
16 184 32
5 48 127
75 165 734
82 192 8
82 186 440
25 167 467
24 64 908
137 184 461
17 193 441
51 190 980
41 115 679
67 150 331
187 196 767
100 123 17
93 155 59
43 47 653
42 199 218
49 155 668
106 135 225
157 174 384
7 167 831
13 86 479
101 151 110
50 71 827
109 175 941
74 182 711
56 173 790
90 185 749
106 181 784
190 198 817
78 165 559
77 126 2
123 160 874
158 176 809
7 182 269
40 118 900
52 54 915
42 187 442
111 112 768
140 149 971
45 168 470
79 194 927
96 99 895
57 183 534
12 156 702
115 185 383
75 118 225
101 136 740
45 140 568
128 172 210
18 149 301
20 129 783
7 110 720
0 160 372
4 144 994
35 41 994
70 138 846
19 84 453
90 157 451
105 148 521
114 196 527
4 134 139
73 181 326
60 148 881
174 190 262
73 180 30
58 170 321
70 173 341
130 163 602
37 136 520
76 147 809
21 117 855
102 124 460
28 29 182
134 186 77
5 123 600
128 165 844
113 149 128
35 92 943
117 199 708
32 162 958
133 159 236
179 180 179
76 169 739
70 122 788
166 177 259
24 36 520
89 185 317
119 147 302
56 107 909
86 111 141
161 176 490
95 127 624
41 181 495
13 122 180
21 33 662
178 183 645
114 159 442
154 172 339
1 56 970
42 75 698
11 53 366
167 190 54
4 103 753
18 77 930
11 32 452
50 81 693
16 161 56
18 137 792
14 57 269
47 92 523
97 192 201
123 184 413
106 175 263
18 119 780
144 182 915
30 88 139
58 94 87
5 164 971
11 99 87
51 67 227
37 129 350
101 157 76
47 124 855
36 145 452
9 68 514
51 150 82
5 125 247
32 36 729
33 176 679
64 113 977
4 136 914
135 197 150
139 173 269
123 150 625
44 77 660
103 107 774
121 127 69
104 145 183
115 178 422
131 146 156
17 167 596
166 171 481
33 143 563
74 132 559
1 187 747
54 158 965
67 83 276
134 146 905
62 103 712
4 52 864
113 134 959
77 170 871
16 176 576
85 91 445
69 114 788
16 79 257
179 199 354
108 188 211
108 158 104
53 197 126
39 113 63
91 104 758
172 178 907
125 159 803
50 95 775
86 96 820
37 83 756
5 26 332
7 40 413
41 61 781
45 112 617
163 190 707
152 166 432
184 185 879
48 156 44
125 147 628
151 181 604
36 181 464
53 72 301
74 94 873
86 155 597
87 91 409
173 175 344
60 169 748
27 154 680
16 146 858
5 155 784
66 196 414
51 53 209
77 189 153
37 153 278
57 115 433
4 42 645
110 188 591
92 149 442
13 54 918
4 102 730
43 164 154
108 182 58
27 55 286
29 53 218
83 191 729
20 118 409
32 124 16
124 194 54
88 109 743
66 184 872
31 40 660
30 92 946
143 175 920
60 70 978
42 103 877
59 168 356
112 137 902
105 128 503
35 191 264
67 150 709
70 195 338
140 170 420
160 165 633
50 162 10
56 114 775
37 58 915
179 188 749
51 67 416
54 119 20
8 121 871
22 140 970
24 183 353
33 98 201
91 162 297
24 137 112
53 69 355
57 124 789
140 190 857
14 46 90
168 190 104
16 46 315
18 187 416
139 165 817
90 128 887
47 94 960
22 25 334
168 193 882
90 146 477
61 142 487
116 169 873
6 179 340
113 131 419
60 91 974
44 45 886
63 173 457
60 87 344
53 114 759
52 114 660
31 71 780
28 157 289
48 163 87
23 113 657
15 39 464
23 191 96
123 135 415
138 153 393
30 133 31
61 178 944
16 185 461
113 152 69
95 184 612
67 197 243
86 196 837
158 177 101
70 140 994
11 118 102
22 177 259
43 169 833
87 159 11
75 144 731
151 182 847
65 193 19
166 188 484
24 25 534
92 128 336
71 156 0
32 131 248
63 116 985
122 189 260
150 195 631
53 89 254
4 110 767
57 138 434
92 170 520
48 146 977
72 194 120
70 103 208
1 64 475
59 156 390
165 176 616
80 186 498
116 160 819
89 161 772
3 67 164
167 185 647
87 182 47
21 75 137
38 122 658
129 167 352
45 194 329
71 157 160
17 166 281
102 175 549
63 114 285
24 55 788
42 75 246
58 131 714
33 179 34
48 132 405
108 177 253
26 103 701
169 178 95
4 44 881
176 182 122
102 156 257
91 165 904
75 132 65
38 166 146
14 94 336
59 79 978
72 79 485
23 82 989
35 195 158
18 48 869
0 13 225
99 171 555
53 128 130
154 158 329
89 98 824
110 111 57
39 133 247
50 126 721
3 124 147
105 109 794
157 195 409
24 41 403
29 130 620
19 114 971
49 163 386
107 132 269
113 126 991
11 195 844
19 34 600
105 120 569
14 150 979
8 195 339
64 136 906
59 110 946
49 77 157
126 161 807
25 85 954
59 117 557
78 181 690
42 134 107
92 189 89
6 166 375
53 158 176
89 138 570
50 169 934
4 192 179
50 60 627
13 98 603
70 192 198
92 150 713
20 184 949
129 181 204
2 15 177
109 174 201
13 49 72
76 166 814
101 160 627
58 95 398
31 153 112
139 186 500
148 153 61
83 163 388
14 155 29
57 101 878
31 92 321
16 63 153
42 88 472
147 158 841
22 111 296
34 170 728
7 185 461
6 171 621
29 132 430
5 93 121
22 135 679
18 32 452
37 191 893
159 189 684
3 122 21
92 98 586
64 87 978
85 107 187
1 41 524
79 179 408
82 149 963
110 165 875
37 49 409
5 155 981
32 167 885
108 197 804
15 35 757
109 176 743
67 139 397
16 80 180
18 128 865
67 107 252
71 129 674
158 179 520
105 155 594
90 189 198
49 117 299
100 174 119
104 160 806
161 191 14
73 115 566
39 127 89
7 129 696
95 199 999
194 197 320
20 137 826
10 73 933
101 108 119
57 78 713
67 107 785
1 104 420
129 169 331
71 116 238
32 95 506
74 191 985
155 188 879
157 177 614
21 197 698
100 174 884
103 182 790
70 123 282
3 138 597
41 115 578
127 149 467
144 178 312
42 70 204
19 176 9
84 144 923
62 100 337
86 166 872
130 132 0
38 119 532
55 62 596
61 143 646
24 195 314
83 113 951
26 59 950
125 148 704
22 129 474
4 191 190
63 100 44
37 70 384
65 115 32
41 134 893
46 47 349
82 125 46
37 104 927
19 122 631
37 158 268
16 19 4
94 147 327
58 110 165
134 143 890
18 88 400
1 25 971
71 179 932
188 196 298
35 169 353
138 149 518
79 174 152
73 124 993
70 179 417
130 134 877
64 164 697
16 65 957
75 198 131
105 110 860
22 72 90
179 190 871
9 164 955
120 155 768
57 122 713
89 142 114
159 168 256
38 180 880
139 144 588
68 72 907
84 147 888
125 168 60
151 194 207
186 187 300
0 185 305
100 121 501
152 185 631
157 162 662
137 138 339
57 177 394
125 188 145
30 78 48
64 191 212
38 195 674
187 197 807
169 192 822
121 156 116
94 131 696
30 74 55
69 170 590
27 178 365
20 131 127
24 181 134
104 126 173
22 76 788
17 187 637
91 103 308
110 171 823
131 186 562
12 91 991
2 160 618
48 189 984
44 184 825
64 133 390
33 60 139
61 189 968
3 46 370
35 47 265
14 29 100
77 134 772
14 20 749
